,A,R,N,D,C,Q,E,G,H,I,L,K,M,F,P,S,T,W,Y,V
A,0.9999999999999999,-0.5943121238121141,-0.33196662987650316,-0.3297897416384164,-0.10620039378949873,-0.13651106320062914,0.006789510991652678,0.08478011215578585,-0.09908594072050686,0.27461610768355516,0.39268607700509367,-0.399409069984559,0.41086067252677116,0.1595124323188289,-0.46389906741158204,-0.029597247662808458,0.1992029109287032,-0.1766483703135982,-0.6641753762954136,0.5206967399750015
R,-0.5943121238121141,0.9999999999999999,0.3403125698150042,0.47573407101998555,-0.15063635125645447,0.48685787192593055,0.5918676809032953,-0.02921722095292098,0.283054092519093,-0.3401459370515849,-0.4181659555972373,0.5879089416960889,-0.4537817175815422,-0.5092631516484997,-0.05215865926270523,0.10415108785556033,-0.1256367491846216,-0.3610904416779201,0.3044239810319578,-0.33680996253705764
N,-0.33196662987650316,0.3403125698150042,1.0000000000000002,0.925730422725458,0.09785995887023573,0.6184449630327528,0.5149399828117351,0.43260509351868803,0.18289154930442392,-0.9249582566627259,-0.8507682706399178,0.5395256482048811,-0.708087478307002,-0.7463209277984869,0.4376768481987116,0.8246492101119067,0.481502822730134,-0.3587615194121175,-0.16089262777754976,-0.8208687810477172
D,-0.3297897416384164,0.47573407101998555,0.925730422725458,1.0,-0.023059834855960762,0.6350857885662663,0.5681774683517239,0.4347482134836197,0.17879090967787065,-0.8506147483291112,-0.8561754272151341,0.5548171822306585,-0.7421735962877754,-0.7630046704057698,0.3973394926430096,0.7492873454365162,0.44816242614006035,-0.4137149270834026,-0.1097464193509071,-0.7645362254780067
C,-0.10620039378949873,-0.15063635125645447,0.09785995887023573,-0.023059834855960762,1.0000000000000002,-0.3295087577814329,-0.2526183269385537,0.08100865283085035,0.30574183562308205,-0.0808710711308252,-0.020193242102213422,-0.5234013397216968,0.16541265039011327,0.05565831837345965,-0.11432780780789285,0.1420552407191786,-0.1702251240769944,-0.12913919969633642,-0.18102055827382796,0.031982158506174974
Q,-0.13651106320062914,0.48685787192593055,0.6184449630327528,0.6350857885662663,-0.3295087577814329,1.0,0.7634517235085873,0.4110775463556925,-0.0889011941529127,-0.5099861229623356,-0.6146589139854124,0.6547717612469431,-0.677974757498235,-0.7391997090038657,0.17021906289362174,0.6399407510172856,0.6754099570948783,-0.6904274454139264,-0.3145832010339576,-0.420213586392206
E,0.006789510991652678,0.5918676809032953,0.5149399828117351,0.5681774683517239,-0.2526183269385537,0.7634517235085873,1.0,0.31358413692202153,0.04914796295781909,-0.40189529417265135,-0.573512693020149,0.7197486270181229,-0.6442127335575492,-0.8291240776303773,-0.028771349084746135,0.5057414505012796,0.26100420569668203,-0.6848651795319879,-0.3426937163798354,-0.24323123167032687
G,0.08478011215578585,-0.02921722095292098,0.43260509351868803,0.4347482134836197,0.08100865283085035,0.4110775463556925,0.31358413692202153,1.0000000000000002,-0.3298678357671858,-0.24969866682566963,-0.4364526658110772,0.04443858756973687,-0.5457844979858162,-0.6963323998304966,0.3420211872078143,0.7442019260549909,0.6667739049969055,-0.593282735757586,-0.6217403471845098,-0.10113120276110572
H,-0.09908594072050686,0.283054092519093,0.18289154930442392,0.17879090967787065,0.30574183562308205,-0.0889011941529127,0.04914796295781909,-0.3298678357671858,0.9999999999999999,-0.28816350651019207,-0.3068087694802024,-0.05004751707654137,0.04213477884121464,0.015290071549886469,-0.48880173541252,-0.23626962242349484,-0.1584846264787634,0.08455202442334145,0.25227145692306846,0.03139789588145601
I,0.27461610768355516,-0.3401459370515849,-0.9249582566627259,-0.8506147483291112,-0.0808710711308252,-0.5099861229623356,-0.40189529417265135,-0.24969866682566963,-0.28816350651019207,1.0,0.6783186240301133,-0.5056136270724533,0.5231248138488249,0.5999253683249822,-0.3448964095730325,-0.6948406900188648,-0.37732443623543216,0.24258316363894136,0.09914729619402177,0.8680799903589631
L,0.39268607700509367,-0.4181659555972373,-0.8507682706399178,-0.8561754272151341,-0.020193242102213422,-0.6146589139854124,-0.573512693020149,-0.4364526658110772,-0.3068087694802024,0.6783186240301133,1.0000000000000002,-0.585757484112577,0.8444867067476507,0.752032639112861,-0.4112337232417271,-0.6328070424997464,-0.4640403991781885,0.3700922648263131,0.003102959495301379,0.5539741230392472
K,-0.399409069984559,0.5879089416960889,0.5395256482048811,0.5548171822306585,-0.5234013397216968,0.6547717612469431,0.7197486270181229,0.04443858756973687,-0.05004751707654137,-0.5056136270724533,-0.585757484112577,1.0,-0.6748901732034182,-0.6142507429276142,0.4134362430315474,0.33051355963678986,0.14890097822753207,-0.19175055936766458,0.19552895935026388,-0.5829499825013582
M,0.41086067252677116,-0.4537817175815422,-0.708087478307002,-0.7421735962877754,0.16541265039011327,-0.677974757498235,-0.6442127335575492,-0.5457844979858162,0.04213477884121464,0.5231248138488249,0.8444867067476507,-0.6748901732034182,0.9999999999999998,0.7567729474099697,-0.5845967488441781,-0.6247079522663913,-0.3696688958651134,0.3832169391359622,0.012026448698189557,0.5055028699767173
F,0.1595124323188289,-0.5092631516484997,-0.7463209277984869,-0.7630046704057698,0.05565831837345965,-0.7391997090038657,-0.8291240776303773,-0.6963323998304966,0.015290071549886469,0.5999253683249822,0.752032639112861,-0.6142507429276142,0.7567729474099697,1.0000000000000002,-0.24219347322850823,-0.7917817967402099,-0.5155011771029402,0.7251880690094175,0.43404828037717086,0.4271504268351331
P,-0.46389906741158204,-0.05215865926270523,0.4376768481987116,0.3973394926430096,-0.11432780780789285,0.17021906289362174,-0.028771349084746135,0.3420211872078143,-0.48880173541252,-0.3448964095730325,-0.4112337232417271,0.4134362430315474,-0.5845967488441781,-0.24219347322850823,1.0,0.4548880302393057,0.1894856515546197,0.14285474610781365,0.20401441298165865,-0.6296202472951048
S,-0.029597247662808458,0.10415108785556033,0.8246492101119067,0.7492873454365162,0.1420552407191786,0.6399407510172856,0.5057414505012796,0.7442019260549909,-0.23626962242349484,-0.6948406900188648,-0.6328070424997464,0.33051355963678986,-0.6247079522663913,-0.7917817967402099,0.4548880302393057,1.0,0.661923552075417,-0.6444701847852174,-0.5642133913789673,-0.5974784650466892
T,0.1992029109287032,-0.1256367491846216,0.481502822730134,0.44816242614006035,-0.1702251240769944,0.6754099570948783,0.26100420569668203,0.6667739049969055,-0.1584846264787634,-0.37732443623543216,-0.4640403991781885,0.14890097822753207,-0.3696688958651134,-0.5155011771029402,0.1894856515546197,0.661923552075417,1.0000000000000002,-0.550216517213658,-0.5543544277361796,-0.200732229903625
W,-0.1766483703135982,-0.3610904416779201,-0.3587615194121175,-0.4137149270834026,-0.12913919969633642,-0.6904274454139264,-0.6848651795319879,-0.593282735757586,0.08455202442334145,0.24258316363894136,0.3700922648263131,-0.19175055936766458,0.3832169391359622,0.7251880690094175,0.14285474610781365,-0.6444701847852174,-0.550216517213658,0.9999999999999999,0.6587527932923298,0.02346737882623485
Y,-0.6641753762954136,0.3044239810319578,-0.16089262777754976,-0.1097464193509071,-0.18102055827382796,-0.3145832010339576,-0.3426937163798354,-0.6217403471845098,0.25227145692306846,0.09914729619402177,0.003102959495301379,0.19552895935026388,0.012026448698189557,0.43404828037717086,0.20401441298165865,-0.5642133913789673,-0.5543544277361796,0.6587527932923298,0.9999999999999998,-0.16810885076640303
V,0.5206967399750015,-0.33680996253705764,-0.8208687810477172,-0.7645362254780067,0.031982158506174974,-0.420213586392206,-0.24323123167032687,-0.10113120276110572,0.03139789588145601,0.8680799903589631,0.5539741230392472,-0.5829499825013582,0.5055028699767173,0.4271504268351331,-0.6296202472951048,-0.5974784650466892,-0.200732229903625,0.02346737882623485,-0.16810885076640303,1.0
