,A,R,N,D,C,Q,E,G,H,I,L,K,M,F,P,S,T,W,Y,V
A,1.0,0.09423372677943903,-0.008556027201529613,-0.2770633030531792,-0.036440445254807954,0.7420772372067529,0.26537117945689653,0.6780177862056924,-0.2484586969110061,-0.05842049745918628,0.3418969244826727,-0.4356846698212904,0.21710523421551603,-0.4954980126497619,-0.8926170377066955,0.6467209305439118,0.8199053399418833,-0.9486682885482743,-0.9962943891960484,0.29750956987499155
R,0.09423372677943903,1.0,0.5626713786286309,0.5604351898622421,-0.7776402906034346,0.6769633714129585,0.9642125990628659,0.5876679459185119,0.6190521328700976,-0.379674353673467,-0.8480819699780288,0.7806420375515295,-0.9250747550091039,-0.8866635532546765,-0.30641328326035255,0.4203652014586854,0.6016489245602786,-0.40317458242290205,-0.03437772837041975,-0.016593742506715022
N,-0.008556027201529613,0.5626713786286309,1.0,0.9615489949025439,0.07754178137002714,0.5683015026776321,0.36771349472965276,-0.1311794166889598,0.9628738461162322,-0.9746298460447718,-0.7656904252207104,0.17486874099854116,-0.35357611527379856,-0.3031410213931894,-0.4415921750193732,0.7526732135364288,0.4760171393602844,-0.148624707992521,0.09333758405207594,-0.8140855317743196
D,-0.2770633030531792,0.5604351898622421,0.9615489949025439,1.0,0.028300958611936197,0.36498316982027235,0.3313141926973412,-0.267503405587605,0.9973412078206051,-0.9072244335790008,-0.8571905490156486,0.33443835053349846,-0.44860532878538417,-0.203131797448917,-0.18150317280212042,0.5434901590801734,0.2534152833994941,0.09708119376880048,0.35819400713936045,-0.8326971987040399
C,-0.036440445254807954,-0.7776402906034346,0.07754178137002714,0.028300958611936197,0.9999999999999999,-0.3264681472291127,-0.8681676071469832,-0.7560178677234278,-0.0394341132985828,-0.28603954499887596,0.47548881559421385,-0.8513555011597507,0.8721738814761966,0.8037466055463077,-0.03962131567400643,0.11735220168428145,-0.29872298631386973,0.29615796412284895,0.028636713591900016,-0.5745188893430722
Q,0.7420772372067529,0.6769633714129585,0.5683015026776321,0.36498316982027235,-0.3264681472291127,1.0,0.7167783203148423,0.6810128154504786,0.41025208921188067,-0.5300337046394382,-0.3740390398101238,0.07997327464038889,-0.35523460897976694,-0.8246821666017504,-0.9075886865209067,0.8871290751776416,0.9920598633086223,-0.888853446662996,-0.6856611616395648,-0.07209770008822493
E,0.26537117945689653,0.9642125990628659,0.36771349472965276,0.3313141926973412,-0.8681676071469832,0.7167783203148423,1.0,0.7783737052249359,0.39919006967951676,-0.18610802606900184,-0.680170985779541,0.7344675363526548,-0.8832363745608697,-0.9685247829227652,-0.36962784247702496,0.3785712769524993,0.6698814700792174,-0.5543156764540276,-0.22029973806768602,0.22635821773690407
G,0.6780177862056924,0.5876679459185119,-0.1311794166889598,-0.267503405587605,-0.7560178677234278,0.6810128154504786,0.7783737052249359,1.0,-0.1997368417655526,0.23738822504536172,-0.07007487746170901,0.3231632796255714,-0.46820374131512327,-0.8858132121292017,-0.5216574642895938,0.28355003276243085,0.717895184666799,-0.8225165335638815,-0.6758034205509376,0.6676631064323115
H,-0.2484586969110061,0.6190521328700976,0.9628738461162322,0.9973412078206051,-0.0394341132985828,0.41025208921188067,0.39919006967951676,-0.1997368417655526,1.0,-0.8961001310097022,-0.8854143548658989,0.38150291019011184,-0.504009507478649,-0.27226640517449807,-0.20522058192448328,0.55763640416052,0.29823210361678415,0.05127795190396198,0.3307855577369264,-0.7917413978164407
I,-0.05842049745918628,-0.379674353673467,-0.9746298460447718,-0.9072244335790008,-0.28603954499887596,-0.5300337046394382,-0.18610802606900184,0.23738822504536172,-0.8961001310097022,1.0,0.6066192636454778,0.04733981609443534,0.13578267842195213,0.15514897044297546,0.49826654968816797,-0.7948447066676665,-0.45330844905397993,0.14959142976264336,-0.021457105713796696,0.8814566546854516
L,0.3418969244826727,-0.8480819699780288,-0.7656904252207104,-0.8571905490156486,0.47548881559421385,-0.3740390398101238,-0.680170985779541,-0.07007487746170901,-0.8854143548658989,0.6066192636454778,0.9999999999999999,-0.7645296937033771,0.8423100742201115,0.5109647281016132,0.01686705986709668,-0.3118945652973455,-0.25679670295961154,-0.054009027122561934,-0.4131604235299431,0.4447888713175241
K,-0.4356846698212904,0.7806420375515295,0.17486874099854116,0.33443835053349846,-0.8513555011597507,0.07997327464038889,0.7344675363526548,0.3231632796255714,0.38150291019011184,0.04733981609443534,-0.7645296937033771,1.0000000000000002,-0.9594444308955287,-0.5546277451669855,0.3452293521556651,-0.2250418526944208,-0.003015156754395546,0.1437490338540146,0.4611976448088023,0.17582573950027125
M,0.21710523421551603,-0.9250747550091039,-0.35357611527379856,-0.44860532878538417,0.8721738814761966,-0.35523460897976694,-0.8832363745608697,-0.46820374131512327,-0.504009507478649,0.13578267842195213,0.8423100742201115,-0.9594444308955287,1.0,0.7402958450034485,-0.07000603841533971,-0.05101970630460754,-0.2716957072818208,0.09930538287369516,-0.25912855233203413,-0.10782409086304807
F,-0.4954980126497619,-0.8866635532546765,-0.3031410213931894,-0.203131797448917,0.8037466055463077,-0.8246821666017504,-0.9685247829227652,-0.8858132121292017,-0.27226640517449807,0.15514897044297546,0.5109647281016132,-0.5546277451669855,0.7402958450034485,0.9999999999999999,0.5498468079282544,-0.48637071604834725,-0.8043769935349544,0.7414101073870896,0.4559959346464831,-0.30644781994054926
P,-0.8926170377066955,-0.30641328326035255,-0.4415921750193732,-0.18150317280212042,-0.03962131567400643,-0.9075886865209067,-0.36962784247702496,-0.5216574642895938,-0.20522058192448328,0.49826654968816797,0.01686705986709668,0.3452293521556651,-0.07000603841533971,0.5498468079282544,0.9999999999999999,-0.9210149257562003,-0.9373193674381138,0.9068898085522378,0.8517423993418644,0.11793353036585923
S,0.6467209305439118,0.4203652014586854,0.7526732135364288,0.5434901590801734,0.11735220168428145,0.8871290751776416,0.3785712769524993,0.28355003276243085,0.55763640416052,-0.7948447066676665,-0.3118945652973455,-0.2250418526944208,-0.05101970630460754,-0.48637071604834725,-0.9210149257562003,1.0,0.8711155241894296,-0.7096681951411519,-0.5811934362627365,-0.464518871661258
T,0.8199053399418833,0.6016489245602786,0.4760171393602844,0.2534152833994941,-0.29872298631386973,0.9920598633086223,0.6698814700792174,0.717895184666799,0.29823210361678415,-0.45330844905397993,-0.25679670295961154,-0.003015156754395546,-0.2716957072818208,-0.8043769935349544,-0.9373193674381138,0.8711155241894296,0.9999999999999999,-0.9379426870800497,-0.7715112900761276,0.006409498629010438
W,-0.9486682885482743,-0.40317458242290205,-0.148624707992521,0.09708119376880048,0.29615796412284895,-0.888853446662996,-0.5543156764540276,-0.8225165335638815,0.05127795190396198,0.14959142976264336,-0.054009027122561934,0.1437490338540146,0.09930538287369516,0.7414101073870896,0.9068898085522378,-0.7096681951411519,-0.9379426870800497,0.9999999999999998,0.9279378283638293,-0.29315399859591373
Y,-0.9962943891960484,-0.03437772837041975,0.09333758405207594,0.35819400713936045,0.028636713591900016,-0.6856611616395648,-0.22029973806768602,-0.6758034205509376,0.3307855577369264,-0.021457105713796696,-0.4131604235299431,0.4611976448088023,-0.25912855233203413,0.4559959346464831,0.8517423993418644,-0.5811934362627365,-0.7715112900761276,0.9279378283638293,1.0,-0.35806533832612114
V,0.29750956987499155,-0.016593742506715022,-0.8140855317743196,-0.8326971987040399,-0.5745188893430722,-0.07209770008822493,0.22635821773690407,0.6676631064323115,-0.7917413978164407,0.8814566546854516,0.4447888713175241,0.17582573950027125,-0.10782409086304807,-0.30644781994054926,0.11793353036585923,-0.464518871661258,0.006409498629010438,-0.29315399859591373,-0.35806533832612114,0.9999999999999999
