,A,R,N,D,C,E,Q,G,H,I,L,K,M,F,P,S,T,W,Y,V
A,1.0,0.6730955128036284,0.5845321994769147,0.5694789495576043,0.8039277117209903,0.7475344917309199,0.7488546783672292,0.9901613460863845,0.5610990340724111,0.9330908513455534,0.9326749197066803,0.7034312969673367,0.7932933580394202,0.46783391220465614,0.834590451501305,0.9241398652995512,0.8282880619925949,0.7583585960365139,0.6287686281531429,0.9652839847139059
R,0.6730955128036284,1.0,0.9582665678962637,0.5091282905566037,0.5753268950671435,0.622713557336296,0.9214818950466359,0.6152540388102679,0.9469987252682952,0.8187693008334487,0.8165821908605676,0.9938358722566637,0.892909355861932,0.8614971264940854,0.5773109367608147,0.8744280941933376,0.9523267697606134,0.7837061469018421,0.8819461791205903,0.7916237618977852
N,0.5845321994769147,0.9582665678962637,0.9999999999999999,0.5651110545079937,0.502426280875037,0.6973755430758862,0.959823439090719,0.5064252260436167,0.908037294121673,0.805685434762966,0.8045480493924605,0.9384326980459322,0.9336517665695416,0.9036574815687765,0.4698210372615192,0.8360113600662326,0.936789941525319,0.8725324405738618,0.9613366326941704,0.7527021134279374
D,0.5694789495576043,0.5091282905566037,0.5651110545079937,1.0,0.8840802087422984,0.9293175029828189,0.7186086960849123,0.4552824578306841,0.6554533490866553,0.7306736408557294,0.7324456625307055,0.4398660938525627,0.7135791732183617,0.7816685796468299,0.8143048952521473,0.5510785851925951,0.656096709701905,0.6857680693665212,0.7459573274201051,0.7031621135536437
C,0.8039277117209903,0.5753268950671435,0.502426280875037,0.8840802087422984,1.0,0.8441698192497704,0.6846737854771868,0.735050216034156,0.6665243645347224,0.8172021244071481,0.8175251652111255,0.5429688145754791,0.6930184547227853,0.6574480795624852,0.9910963905010913,0.6898010828153734,0.7158159275288636,0.6133619560916275,0.6284214404552563,0.8362958333394336
E,0.7475344917309199,0.622713557336296,0.6973755430758862,0.9293175029828189,0.8441698192497704,1.0000000000000002,0.8582562183312537,0.6533703502218292,0.6525557645353142,0.8941927418277265,0.8959874365405512,0.5831070887388389,0.877699782512298,0.7602474683195606,0.7829492354954563,0.7638671492374669,0.8059026007096548,0.8896394293700111,0.857151008900576,0.8654358075551287
Q,0.7488546783672292,0.9214818950466359,0.959823439090719,0.7186086960849123,0.6846737854771868,0.8582562183312537,1.0,0.6688089130355377,0.8757712408104018,0.930917416289329,0.9305939883333526,0.9021799537609648,0.9946526026715238,0.8898214682944888,0.6497506807492279,0.915810358501568,0.9806616520511695,0.9534826652481575,0.9834608809695689,0.8910493535667487
G,0.9901613460863845,0.6152540388102679,0.5064252260436167,0.4552824578306841,0.735050216034156,0.6533703502218292,0.6688089130355377,1.0000000000000002,0.47442440805775365,0.8800550134314027,0.8794068938053037,0.659635361289924,0.720044753756832,0.35344868248035277,0.7808531973628884,0.8935397544226066,0.7670353044249963,0.688475391502541,0.5320416249624133,0.9228061796296488
H,0.5610990340724111,0.9469987252682952,0.908037294121673,0.6554533490866553,0.6665243645347224,0.6525557645353142,0.8757712408104018,0.47442440805775365,1.0,0.7448051932717372,0.7428911430457835,0.9090779564804488,0.8270018914982203,0.9520908373375624,0.6504480686565902,0.7430283725857723,0.8847591223925797,0.6904971780919433,0.8681428631733032,0.711983981585828
I,0.9330908513455534,0.8187693008334487,0.805685434762966,0.7306736408557294,0.8172021244071481,0.8941927418277265,0.930917416289329,0.8800550134314027,0.7448051932717372,0.9999999999999999,0.9999879351705404,0.8201948534065039,0.9551187034120654,0.7234365520446229,0.8074346105941825,0.9689326709882227,0.9528381987011764,0.9257014470200713,0.8641389947658904,0.9942252287492424
L,0.9326749197066803,0.8165821908605676,0.8045480493924605,0.7324456625307055,0.8175251652111255,0.8959874365405512,0.9305939883333526,0.8794068938053037,0.7428911430457835,0.9999879351705404,1.0000000000000002,0.8178139451258783,0.9550444753908004,0.7228581652776228,0.8072839375291851,0.9680151036926032,0.9518231867352567,0.9265220674038649,0.8642281831722465,0.9940529252443637
K,0.7034312969673367,0.9938358722566637,0.9384326980459322,0.4398660938525627,0.5429688145754791,0.5831070887388389,0.9021799537609648,0.659635361289924,0.9090779564804488,0.8201948534065039,0.8178139451258783,1.0,0.880381101990882,0.8008698140813745,0.556300177915458,0.8961226227874912,0.9479613402215606,0.7748506862178823,0.8469542097246812,0.7999978373064892
M,0.7932933580394202,0.892909355861932,0.9336517665695416,0.7135791732183617,0.6930184547227853,0.877699782512298,0.9946526026715238,0.720044753756832,0.8270018914982203,0.9551187034120654,0.9550444753908004,0.880381101990882,0.9999999999999999,0.8427588530493261,0.6602520825813344,0.9382600303491974,0.9783960365030789,0.9746522447290323,0.9689715674472615,0.9198520095963624
F,0.46783391220465614,0.8614971264940854,0.9036574815687765,0.7816685796468299,0.6574480795624852,0.7602474683195606,0.8898214682944888,0.35344868248035277,0.9520908373375624,0.7234365520446229,0.7228581652776228,0.8008698140813745,0.8427588530493261,0.9999999999999998,0.6019274887599959,0.6673751511951311,0.8405300633396583,0.7510923002016118,0.9279229528457688,0.6677538529883978
P,0.834590451501305,0.5773109367608147,0.4698210372615192,0.8143048952521473,0.9910963905010913,0.7829492354954563,0.6497506807492279,0.7808531973628884,0.6504480686565902,0.8074346105941825,0.8072839375291851,0.556300177915458,0.6602520825813344,0.6019274887599959,1.0,0.7013286413904197,0.7064632774774132,0.5667772209352283,0.5725936409114991,0.8385260437319463
S,0.9241398652995512,0.8744280941933376,0.8360113600662326,0.5510785851925951,0.6898010828153734,0.7638671492374669,0.915810358501568,0.8935397544226066,0.7430283725857723,0.9689326709882227,0.9680151036926032,0.8961226227874912,0.9382600303491974,0.6673751511951311,0.7013286413904197,1.0,0.9635198587177568,0.8973810551227795,0.8300517050703525,0.9670024002802186
T,0.8282880619925949,0.9523267697606134,0.936789941525319,0.656096709701905,0.7158159275288636,0.8059026007096548,0.9806616520511695,0.7670353044249963,0.8847591223925797,0.9528381987011764,0.9518231867352567,0.9479613402215606,0.9783960365030789,0.8405300633396583,0.7064632774774132,0.9635198587177568,1.0,0.912807239867852,0.9313721425115133,0.9311155411659954
W,0.7583585960365139,0.7837061469018421,0.8725324405738618,0.6857680693665212,0.6133619560916275,0.8896394293700111,0.9534826652481575,0.688475391502541,0.6904971780919433,0.9257014470200713,0.9265220674038649,0.7748506862178823,0.9746522447290323,0.7510923002016118,0.5667772209352283,0.8973810551227795,0.912807239867852,0.9999999999999998,0.9391344150286491,0.883907818097922
Y,0.6287686281531429,0.8819461791205903,0.9613366326941704,0.7459573274201051,0.6284214404552563,0.857151008900576,0.9834608809695689,0.5320416249624133,0.8681428631733032,0.8641389947658904,0.8642281831722465,0.8469542097246812,0.9689715674472615,0.9279229528457688,0.5725936409114991,0.8300517050703525,0.9313721425115133,0.9391344150286491,1.0000000000000002,0.8079334250340215
V,0.9652839847139059,0.7916237618977852,0.7527021134279374,0.7031621135536437,0.8362958333394336,0.8654358075551287,0.8910493535667487,0.9228061796296488,0.711983981585828,0.9942252287492424,0.9940529252443637,0.7999978373064892,0.9198520095963624,0.6677538529883978,0.8385260437319463,0.9670024002802186,0.9311155411659954,0.883907818097922,0.8079334250340215,1.0
