,A,R,N,D,C,Q,E,G,H,I,L,K,M,F,P,S,T,W,Y,V
A,1.0,0.20284393809394297,0.3340166850617484,0.3351051291807918,0.4468998031052506,0.43174446839968544,0.5033947554958264,0.5423900560778929,0.45045702963974654,0.6373080538417776,0.6963430385025469,0.30029546500772053,0.7054303362633856,0.5797562161594144,0.268050466294209,0.48520137616859577,0.5996014554643516,0.4116758148432009,0.16791231185229322,0.7603483699875008
R,0.20284393809394297,1.0,0.6701562849075021,0.7378670355099928,0.42468182437177276,0.7434289359629653,0.7959338404516476,0.4853913895235395,0.6415270462595465,0.32992703147420754,0.2909170222013814,0.7939544708480444,0.2731091412092289,0.24536842417575017,0.4739206703686474,0.5520755439277801,0.43718162540768923,0.3194547791610399,0.6522119905159789,0.3315950187314712
N,0.3340166850617484,0.6701562849075021,1.0,0.962865211362729,0.5489299794351179,0.8092224815163764,0.7574699914058676,0.716302546759344,0.5914457746522119,0.037520871668637046,0.07461586468004111,0.7697628241024406,0.145956260846499,0.12683953610075654,0.7188384240993558,0.9123246050559534,0.7407514113650671,0.3206192402939413,0.4195536861112251,0.0895656094761414
D,0.3351051291807918,0.7378670355099928,0.962865211362729,1.0,0.4884700825720196,0.8175428942831331,0.784088734175862,0.7173741067418098,0.5893954548389353,0.07469262583544439,0.07191228639243297,0.7774085911153292,0.12891320185611232,0.1184976647971151,0.6986697463215048,0.874643672718258,0.7240812130700301,0.2931425364582987,0.44512679032454644,0.11773188726099665
C,0.4468998031052506,0.42468182437177276,0.5489299794351179,0.4884700825720196,1.0,0.3352456211092836,0.37369083653072316,0.5405043264154252,0.652870917811541,0.4595644644345874,0.4899033789488933,0.2382993301391516,0.5827063251950566,0.5278291591867298,0.44283609609605357,0.5710276203595893,0.4148874379615028,0.43543040015183176,0.409489720863086,0.5159910792530875
Q,0.43174446839968544,0.7434289359629653,0.8092224815163764,0.8175428942831331,0.3352456211092836,1.0,0.8817258617542936,0.7055387731778462,0.4555494029235436,0.2450069385188322,0.1926705430072938,0.8273858806234715,0.1610126212508825,0.13040014549806717,0.5851095314468109,0.8199703755086428,0.8377049785474391,0.1547862772930368,0.34270839948302123,0.28989320680389696
E,0.5033947554958264,0.7959338404516476,0.7574699914058676,0.784088734175862,0.37369083653072316,0.8817258617542936,1.0,0.6567920684610108,0.5245739814789095,0.2990523529136743,0.21324365348992552,0.8598743135090614,0.17789363322122542,0.08543796118481134,0.48561432545762695,0.7528707252506398,0.6305021028483411,0.15756741023400606,0.3286531418100823,0.37838438416483655
G,0.5423900560778929,0.4853913895235395,0.716302546759344,0.7173741067418098,0.5405043264154252,0.7055387731778462,0.6567920684610108,1.0,0.3350660821164071,0.37515066658716517,0.2817736670944614,0.5222192937848684,0.2271077510070919,0.15183380008475172,0.6710105936039071,0.8721009630274954,0.8333869524984527,0.20335863212120697,0.18912982640774512,0.4494343986194471
H,0.45045702963974654,0.6415270462595465,0.5914457746522119,0.5893954548389353,0.652870917811541,0.4555494029235436,0.5245739814789095,0.3350660821164071,1.0,0.35591824674490397,0.3465956152598988,0.47497624146172934,0.5210673894206073,0.5076450357749432,0.25559913229374,0.3818651887882526,0.4207576867606183,0.5422760122116708,0.6261357284615342,0.515698947940728
I,0.6373080538417776,0.32992703147420754,0.037520871668637046,0.07469262583544439,0.4595644644345874,0.2450069385188322,0.2990523529136743,0.37515066658716517,0.35591824674490397,1.0,0.8391593120150567,0.24719318646377336,0.7615624069244125,0.7999626841624912,0.32755179521348377,0.15257965499056758,0.3113377818822839,0.6212915818194706,0.5495736480970109,0.9340399951794816
L,0.6963430385025469,0.2909170222013814,0.07461586468004111,0.07191228639243297,0.4899033789488933,0.1926705430072938,0.21324365348992552,0.2817736670944614,0.3465956152598988,0.8391593120150567,1.0,0.2071212579437115,0.9222433533738253,0.8760163195564306,0.29438313837913643,0.1835964787501268,0.26797980041090574,0.6850461324131565,0.5015514797476507,0.7769870615196236
K,0.30029546500772053,0.7939544708480444,0.7697628241024406,0.7774085911153292,0.2382993301391516,0.8273858806234715,0.8598743135090614,0.5222192937848684,0.47497624146172934,0.24719318646377336,0.2071212579437115,1.0,0.16255491339829092,0.19287462853619292,0.7067181215157737,0.6652567798183949,0.5744504891137661,0.4041247203161677,0.5977644796751319,0.2085250087493209
M,0.7054303362633856,0.2731091412092289,0.145956260846499,0.12891320185611232,0.5827063251950566,0.1610126212508825,0.17789363322122542,0.2271077510070919,0.5210673894206073,0.7615624069244125,0.9222433533738253,0.16255491339829092,0.9999999999999999,0.8783864737049849,0.20770162557791094,0.18764602386680435,0.3151655520674433,0.6916084695679812,0.5060132243490948,0.7527514349883586
F,0.5797562161594144,0.24536842417575017,0.12683953610075654,0.1184976647971151,0.5278291591867298,0.13040014549806717,0.08543796118481134,0.15183380008475172,0.5076450357749432,0.7999626841624912,0.8760163195564306,0.19287462853619292,0.8783864737049849,1.0,0.37890326338574587,0.10410910162989506,0.2422494114485299,0.8625940345047087,0.7170241401885854,0.7135752134175666
P,0.268050466294209,0.4739206703686474,0.7188384240993558,0.6986697463215048,0.44283609609605357,0.5851095314468109,0.48561432545762695,0.6710105936039071,0.25559913229374,0.32755179521348377,0.29438313837913643,0.7067181215157737,0.20770162557791094,0.37890326338574587,1.0,0.7274440151196528,0.5947428257773099,0.5714273730539068,0.6020072064908293,0.1851898763524476
S,0.48520137616859577,0.5520755439277801,0.9123246050559534,0.874643672718258,0.5710276203595893,0.8199703755086428,0.7528707252506398,0.8721009630274954,0.3818651887882526,0.15257965499056758,0.1835964787501268,0.6652567798183949,0.18764602386680435,0.10410910162989506,0.7274440151196528,1.0,0.8309617760377085,0.17776490760739128,0.21789330431051634,0.2012607674766554
T,0.5996014554643516,0.43718162540768923,0.7407514113650671,0.7240812130700301,0.4148874379615028,0.8377049785474391,0.6305021028483411,0.8333869524984527,0.4207576867606183,0.3113377818822839,0.26797980041090574,0.5744504891137661,0.3151655520674433,0.2422494114485299,0.5947428257773099,0.8309617760377085,1.0,0.22489174139317097,0.2228227861319102,0.39963388504818753
W,0.4116758148432009,0.3194547791610399,0.3206192402939413,0.2931425364582987,0.43543040015183176,0.1547862772930368,0.15756741023400606,0.20335863212120697,0.5422760122116708,0.6212915818194706,0.6850461324131565,0.4041247203161677,0.6916084695679812,0.8625940345047087,0.5714273730539068,0.17776490760739128,0.22489174139317097,1.0,0.8293763966461649,0.5117336894131175
Y,0.16791231185229322,0.6522119905159789,0.4195536861112251,0.44512679032454644,0.409489720863086,0.34270839948302123,0.3286531418100823,0.18912982640774512,0.6261357284615342,0.5495736480970109,0.5015514797476507,0.5977644796751319,0.5060132243490948,0.7170241401885854,0.6020072064908293,0.21789330431051634,0.2228227861319102,0.8293763966461649,0.9999999999999999,0.4159455746167985
V,0.7603483699875008,0.3315950187314712,0.0895656094761414,0.11773188726099665,0.5159910792530875,0.28989320680389696,0.37838438416483655,0.4494343986194471,0.515698947940728,0.9340399951794816,0.7769870615196236,0.2085250087493209,0.7527514349883586,0.7135752134175666,0.1851898763524476,0.2012607674766554,0.39963388504818753,0.5117336894131175,0.4159455746167985,1.0
